44 39 32 3 11 5
49 62 18 60 27 19
3 62 2 63 14 25
4 34 62 15 52 4
16 29 19 62 23 9
48 45 18 36 4 19
50 59 53 37 21 7
16 18 66 64 14 19
24 11 60 64 17 18
4 40 31 64 47 24
55 12 3 51 39 23
54 36 17 3 1 7
15 57 58 27 42 8
68 45 24 8 31 16
20 12 66 7 61 25
20 60 68 6 54 11
14 7 35 33 47 1
53 34 64 62 19 13
58 25 49 20 53 18
60 47 4 19 51 8
5 33 37 64 65 9
28 31 45 67 18 1
30 57 66 68 11 24
21 50 28 11 36 7
69 19 30 40 39 14
2 42 39 62 51 18
57 34 19 47 38 9
61 18 7 21 40 11
1 20 2 23 62 7
32 6 51 63 36 8
2 58 14 44 17 5
14 2 16 48 10 6
63 13 15 7 4 18
54 10 17 66 47 24
66 3 27 48 43 13
65 27 36 32 31 15
21 23 19 22 47 1
42 68 27 57 41 23
2 27 16 57 35 7
66 19 2 51 64 10
37 12 54 26 14 2
52 41 56 30 12 1
41 49 36 69 40 23
19 55 53 30 4 17
40 49 45 26 35 16
38 29 3 50 41 24
52 9 10 12 25 6
33 6 1 30 26 1
21 25 60 68 59 4
15 29 69 46 39 18
12 11 5 55 40 9
10 69 3 59 48 21
10 34 68 66 22 22
25 50 36 69 17 8
66 47 63 10 13 3
19 5 30 7 61 24
15 59 41 10 42 5
18 17 16 51 60 16
69 2 45 57 32 23
43 39 8 44 51 8
41 18 11 4 10 22
43 66 13 63 21 21
36 15 53 56 8 21
8 19 47 20 10 8
27 39 1 64 29 1
48 56 31 9 51 18
26 23 4 16 15 14
25 10 48 24 32 23
52 69 2 26 63 24
23 38 37 39 9 25
63 5 17 14 53 26
62 44 21 33 37 15
11 10 36 46 25 17
69 33 55 66 22 16
66 21 18 40 47 13
45 64 1 27 50 3
25 23 54 21 58 3
20 69 27 13 42 17
68 52 64 67 35 25
10 44 41 4 14 17
15 11 20 40 57 12
29 1 46 59 34 6
60 37 53 36 18 3
49 53 5 6 12 15
51 28 57 14 23 16
9 25 24 67 20 2
1 33 24 22 28 2
14 3 4 38 28 14
15 12 11 50 60 2
33 15 60 5 29 26
29 4 60 14 52 22
36 48 4 31 41 4
69 1 22 59 66 13
4 58 65 50 2 10
36 47 18 3 22 7
1 27 36 18 21 18
3 12 69 50 26 22
48 37 24 54 1 10
52 31 20 24 6 26
40 61 63 56 7 8
24 2 20 43 17 13
11 13 3 63 29 20
2 9 59 12 23 5
58 21 66 33 27 10
21 33 4 54 57 12
59 12 11 19 29 14
8 29 13 37 20 19
23 58 47 55 51 7
52 35 49 33 63 18
46 57 12 30 17 9
39 61 7 1 60 19
37 28 38 64 36 3
17 5 46 64 45 3
23 29 28 19 49 11
42 16 12 68 36 4
38 57 54 16 22 8
52 62 25 29 36 6
57 19 32 20 66 10
18 27 32 21 11 18
58 68 20 8 17 18
2 11 49 15 13 1
61 46 9 41 24 8
44 66 32 12 13 12
43 56 2 6 54 16
19 61 68 15 37 7
5 32 8 63 55 7
28 55 5 56 26 20
26 58 14 1 30 1
36 5 38 68 1 11
1 37 61 2 3 13
7 48 37 61 1 16
10 28 44 22 37 2
1 7 39 65 15 18
8 4 56 9 57 17
1 57 16 46 18 21
26 31 28 11 22 6
48 44 36 29 50 7
19 26 52 41 56 3
8 20 57 50 1 18
62 36 69 43 21 11
6 54 42 46 18 26
51 22 26 30 3 25
19 39 65 49 63 4
43 48 18 35 6 23
55 60 35 4 52 14
68 49 4 65 21 10
13 56 30 35 27 17
48 43 56 59 24 5
34 37 1 61 16 6
40 35 64 18 67 10
6 16 54 23 27 20
43 10 44 25 4 26
68 1 18 29 10 23
33 63 21 17 64 16
26 6 56 67 42 5
63 6 51 43 18 13
54 1 37 43 7 12
63 37 40 60 26 4
14 9 43 59 67 5
53 11 28 30 62 25
12 1 33 24 8 18
39 44 57 62 3 18
38 50 69 33 3 22
32 37 48 56 34 18
5 64 21 20 13 20
44 39 11 54 35 23
11 10 59 49 58 12
42 61 8 56 19 25
33 48 67 63 24 20
51 41 11 44 9 8
38 63 31 46 32 24
24 10 40 4 55 6
65 33 67 5 50 21
41 19 40 62 67 6
17 58 24 67 8 24
48 55 57 3 33 12
65 38 57 10 35 25
16 52 12 59 60 16
15 54 18 36 25 17
44 50 4 25 21 12
20 22 36 53 47 1
17 12 65 21 8 22
8 15 39 18 29 9
50 48 35 51 54 19
8 12 50 17 46 18
28 14 37 30 26 17
68 2 35 21 37 23
42 20 11 40 30 4
22 16 53 25 30 12
10 37 6 62 33 21
46 32 24 17 19 16
28 58 67 23 4 20
62 20 40 44 59 23
25 47 26 19 66 18
59 58 49 37 15 5
49 9 8 47 12 20
50 15 9 45 53 10
34 23 68 7 59 5
42 60 15 30 24 17
33 18 47 27 50 1
13 52 51 39 37 23
57 4 31 23 3 23
55 14 21 13 52 17
19 58 15 11 62 20
66 56 1 61 37 20
54 63 30 33 27 9
52 1 43 55 4 18
66 13 17 65 19 22
69 30 57 32 7 22
11 36 13 2 61 5
32 63 54 37 22 12
64 11 39 51 59 23
25 13 53 22 45 2
63 7 23 16 13 7
57 33 21 38 41 9
38 61 35 62 51 19
26 9 2 25 56 18
63 37 11 36 29 23
2 67 3 17 57 26
8 32 47 66 65 22
41 36 9 18 51 21
5 66 61 51 42 26
67 19 27 65 50 19
24 55 54 30 29 11
57 41 40 48 12 25
33 65 64 68 5 16
9 62 11 36 28 9
37 22 2 19 46 1
52 50 47 48 12 10
51 47 18 67 64 10
11 3 16 67 19 1
60 65 42 15 30 2
45 21 29 54 49 4
31 28 61 54 30 21
5 67 66 29 55 20
67 13 2 26 51 5
38 52 62 27 55 14
4 25 21 44 41 1
34 45 66 52 40 19
32 10 7 17 36 11
33 24 42 31 69 12
45 49 28 13 23 1
2 16 41 23 42 6
68 43 53 6 52 24
17 31 67 3 23 12
2 44 45 19 66 11
41 30 47 59 43 10
64 38 51 46 15 20
16 53 17 51 35 10
28 24 63 36 34 9
29 3 46 59 41 13
4 45 33 9 28 6
67 7 35 10 19 1
1 52 44 29 69 15
47 22 42 50 8 12
32 27 4 56 2 6
48 61 65 68 10 20
59 56 58 13 24 9
57 44 29 61 8 12
38 28 18 67 65 24
43 11 38 1 19 26
60 19 1 6 2 14
33 8 37 57 47 9
56 3 59 14 5 22
67 18 28 25 56 10
61 10 39 49 7 6
34 67 26 40 31 7
1 4 9 52 49 8
30 61 12 16 3 25
37 28 57 47 39 10
19 1 27 53 68 9
25 32 2 54 52 7
18 55 19 46 48 5
27 21 54 6 41 2
69 8 32 49 57 13
8 29 51 12 30 10
1 58 2 24 50 7
25 49 33 32 41 22
14 49 20 48 24 20
62 65 4 7 56 6
18 6 56 16 65 4
37 56 6 54 68 8
23 36 37 52 43 24
6 2 7 58 15 26
28 66 31 56 24 14
29 19 7 52 45 18
63 22 45 62 54 22
42 6 22 54 19 2
67 44 10 16 40 23
39 1 30 17 32 9
13 28 30 51 47 8
51 50 59 25 40 11
48 56 11 26 36 13
48 56 18 40 39 3
47 8 60 24 42 3
49 53 14 39 51 23
26 41 5 10 16 8
53 11 52 42 14 1
66 31 34 6 14 21
45 63 60 7 15 12
15 69 25 11 39 19
51 24 33 58 4 15
65 51 60 8 32 19
24 45 25 61 67 2
61 22 31 19 13 18
15 14 43 55 46 12
52 55 33 26 57 15
16 5 37 57 18 4
11 5 18 31 7 22
42 5 36 47 32 26
41 38 30 12 45 16
32 8 63 9 64 9
27 5 26 69 17 21
25 46 9 19 32 8
12 10 34 68 16 7
7 2 45 39 37 7
3 69 32 46 38 14
44 51 39 4 32 24
62 18 53 42 22 21
2 32 55 59 20 17
5 9 33 22 53 22
60 43 16 2 4 23
57 5 11 65 51 13
39 30 21 9 23 7
56 17 40 1 25 20
20 67 16 2 36 15
23 2 10 67 26 9
64 56 26 6 18 6
18 38 62 53 29 2
53 35 19 4 18 8
36 59 69 6 13 12
38 59 37 51 46 6
65 40 15 43 5 25
49 60 1 56 17 4
31 69 62 46 28 23
20 68 35 51 59 5
53 39 12 17 9 18
2 69 24 15 65 20
31 24 26 30 47 20
6 25 10 29 66 15
40 48 17 5 52 24
44 50 13 22 5 14
64 58 22 31 32 4
55 21 30 65 5 25
29 49 7 32 48 25
2 35 29 20 67 9
65 14 33 52 48 13
57 31 3 34 21 3
51 9 54 69 15 3
26 61 60 33 68 9
49 64 12 1 11 2
28 17 58 68 24 5
12 15 36 28 24 11
7 55 64 42 15 15
65 34 21 9 62 15
4 61 62 58 64 15
21 26 59 25 44 24
46 7 53 31 60 13
38 11 25 13 61 13
29 23 51 25 67 18
54 68 57 7 48 19
58 15 59 28 49 11
58 59 31 9 54 3
4 46 52 68 25 5
41 21 38 8 9 18
30 58 8 3 11 21
39 63 12 5 58 8
54 42 23 21 18 13
42 43 37 7 50 1
54 50 67 52 27 21
19 54 40 16 26 5
53 13 50 54 11 12
39 53 49 20 4 16
68 19 6 33 11 2
6 52 35 10 26 24
45 43 28 60 20 14
16 65 56 24 17 12
38 40 39 8 35 8
44 27 32 68 9 11
61 20 63 68 31 20
39 68 63 66 45 18
61 59 50 9 20 17
38 57 32 26 52 9
4 12 43 23 8 25
31 16 62 49 66 11
67 37 51 57 62 20
51 45 6 18 38 1
53 18 66 26 22 26
66 34 55 13 56 11
20 2 59 61 30 19
55 50 63 5 51 6
4 63 61 5 53 3
10 28 25 3 59 23
62 55 19 23 60 2
11 25 50 1 23 25
16 1 4 21 19 22
36 66 54 10 63 20
26 63 61 47 42 10
68 7 62 18 46 14
68 69 63 1 65 22
60 37 67 52 33 10
37 67 8 56 54 15
38 14 12 9 52 6
29 56 3 59 19 10
62 51 59 65 29 4
16 38 3 47 46 7
44 1 3 12 23 16
11 30 52 2 29 15
32 4 17 51 22 13
9 1 48 30 44 7
17 16 50 66 61 13
30 50 24 2 4 26
26 53 19 52 59 17
33 27 36 40 57 19
68 6 50 43 63 1
22 50 23 43 42 24
40 48 39 42 60 20
55 17 44 31 5 6
14 15 18 35 39 20
67 30 12 52 49 22
63 29 23 52 65 19
33 40 43 61 48 26
39 24 61 35 33 23
14 24 38 3 26 22
11 40 62 8 44 17
52 31 49 34 20 24
26 58 31 54 23 23
17 67 3 52 36 13
25 50 31 21 4 5
21 15 3 52 47 16
45 43 13 8 55 6
16 11 33 3 59 12
62 57 56 5 33 1
44 11 23 43 37 16
64 3 55 13 6 11
32 53 54 36 50 25
44 28 19 55 43 23
28 13 65 55 42 21
69 64 50 25 66 3
16 1 45 25 42 26
27 6 2 36 5 25
2 41 33 43 56 15
53 65 66 18 1 5
44 65 4 42 36 6
28 47 39 19 2 9
49 15 31 4 8 17
18 34 65 46 27 26
61 37 48 41 24 5
26 63 19 58 25 24
19 61 68 16 18 9
66 2 69 23 5 26
6 51 49 13 11 10
36 37 63 28 18 8
38 4 29 17 24 6
57 12 69 1 36 21
12 7 57 66 26 23
2 33 63 56 9 10
20 50 30 21 7 26
33 61 54 47 25 7
53 40 58 65 29 1
39 22 18 67 41 24
15 42 6 60 8 26
65 27 6 60 4 6
38 14 39 41 28 2
30 9 7 58 26 20
27 37 11 68 16 17
3 19 66 67 37 20
44 39 62 65 8 20
5 66 14 20 15 26
33 8 31 9 39 7
68 50 34 3 44 8
63 43 36 5 15 22
57 61 19 33 16 21
43 25 68 20 36 16
46 16 35 21 15 25
41 9 11 6 47 25
28 4 13 11 27 18
45 15 24 20 60 9
34 64 65 5 49 17
44 11 51 15 22 21
43 8 13 20 59 17
35 49 36 59 5 5
43 41 30 17 64 9
11 20 48 12 44 24
68 25 48 43 33 16
47 1 61 22 48 5
27 3 48 64 61 1
67 43 61 13 32 9
36 12 50 2 25 25
61 33 22 39 65 19
59 26 47 22 14 11
64 3 65 31 5 11
54 40 11 29 53 10
37 52 5 39 4 23
49 10 45 53 56 10
20 43 28 29 35 12
10 58 20 65 45 2
9 33 68 55 38 18
60 67 29 4 16 22
17 25 27 68 45 19
48 12 54 37 13 2
63 3 38 57 20 15
32 11 23 14 63 25
26 54 49 45 5 22
62 13 39 11 65 12
66 34 27 21 68 13
27 17 32 53 24 8
26 2 28 35 1 10
39 54 24 44 41 14
65 14 45 10 3 10
18 52 38 46 49 18
23 25 49 62 21 17
46 8 34 62 60 22
48 43 21 61 19 22
19 6 66 16 25 13
16 20 24 61 56 15
62 31 26 50 32 14
25 54 55 64 7 13
64 46 59 37 36 8
7 21 40 19 18 18
57 47 18 12 7 26
36 65 24 57 7 9
2 1 22 37 33 8
52 3 57 30 10 26
62 11 50 48 53 12
3 4 14 11 34 16
2 53 35 25 26 26
12 47 40 36 30 25
20 61 69 49 35 4
52 69 26 57 48 16
65 1 56 47 31 16
68 63 23 8 54 23
54 64 32 61 22 11
18 10 38 49 17 10
35 3 19 13 29 7
36 58 57 27 8 8
16 48 2 45 61 19
46 57 16 63 24 19
57 14 55 42 66 23
42 56 45 32 41 13
52 3 2 54 48 22
31 46 24 69 2 3
23 43 48 15 39 23
21 54 7 5 17 13
15 48 31 1 22 9
4 35 24 30 56 26
32 38 20 35 30 3
19 28 20 42 18 21
11 37 31 38 29 21
46 32 43 25 9 20
29 14 19 67 11 15
69 3 30 12 14 2
53 1 69 4 6 12
33 60 68 10 65 19
6 48 44 9 5 9
64 56 39 27 13 25
66 48 40 37 31 24
61 63 42 35 25 9
19 64 60 11 25 3
48 19 51 50 22 21
53 62 57 5 42 26
50 42 47 27 35 10
45 49 41 3 5 1
17 6 13 40 57 2
1 18 38 21 19 16
29 46 22 63 52 4
68 51 9 22 64 15
34 55 60 46 15 5
11 56 16 43 24 1
47 1 12 56 2 3
44 22 5 47 14 13
18 47 19 12 59 8
36 59 66 53 29 25
16 51 28 67 37 14
61 31 30 7 66 18
55 54 5 38 50 8
52 1 7 58 27 20
17 10 20 51 68 13
11 10 16 19 68 10
41 7 32 36 57 3
43 20 18 35 23 22
20 8 50 30 13 18
67 50 49 46 39 20
59 15 41 23 28 23
44 30 23 52 17 21
23 10 60 44 47 16
56 3 17 64 47 13
32 5 21 7 17 8
55 49 31 13 24 10
39 43 21 66 34 5
40 37 19 5 42 13
51 34 37 56 23 11
51 24 27 39 3 11
18 43 42 41 68 2
18 33 25 16 40 6
21 1 61 52 19 15
11 64 27 53 54 12
43 27 3 65 6 11
15 34 57 27 45 7
59 69 10 66 54 2
5 27 19 47 52 2
33 38 23 21 35 1
34 64 42 21 8 18
41 66 40 60 35 19
65 32 57 29 28 16
66 53 17 15 63 23
61 23 30 7 19 18
68 63 3 53 49 3
32 40 13 11 22 19
61 34 56 3 9 1
37 63 12 27 28 24
50 67 68 22 40 2
15 4 48 54 66 26
27 7 47 11 52 14
56 49 12 68 29 1
40 16 5 36 54 5
8 11 42 40 38 1
59 8 48 54 3 24
43 58 6 11 64 23
32 38 67 63 39 22
2 51 23 40 34 11
42 11 29 34 30 18
65 20 25 64 66 10
17 63 65 57 15 12
39 36 10 68 28 16
28 29 22 67 50 23
5 13 14 49 10 9
17 52 19 62 11 21
47 52 54 17 7 24
64 52 48 33 45 19
34 11 19 36 56 11
26 27 51 7 35 17
44 1 27 45 38 24
63 51 33 68 69 1
67 50 14 31 61 14
27 66 16 35 23 2
32 46 53 60 41 16
43 2 37 12 18 5
43 53 46 11 65 22
38 33 45 57 55 6
20 34 69 58 65 4
28 44 24 4 39 15
53 8 52 65 38 7
37 23 4 61 26 11
35 39 1 50 8 23
58 2 38 42 67 4
24 27 52 53 37 25
2 32 47 37 25 15
51 48 49 36 41 14
6 66 51 57 54 12
61 1 15 37 9 2
15 24 49 12 7 22
28 42 53 59 6 24
50 2 9 37 13 3
38 15 16 53 64 1
26 21 22 36 69 25
41 33 63 24 35 19
34 51 29 16 61 20
15 25 22 62 49 14
36 53 12 38 32 5
57 36 8 2 14 6
59 12 48 69 22 3
50 16 32 62 55 11
67 66 5 26 18 23
33 4 37 67 2 5
20 22 67 62 30 4
22 27 12 15 66 11
63 51 21 11 36 19
43 62 12 34 47 8
68 15 5 64 47 10
39 51 22 25 52 3
44 66 41 50 60 5
10 65 9 20 29 20
13 56 48 43 7 21
28 19 10 68 45 14
63 36 17 10 58 5
26 6 22 38 10 26
43 29 28 52 18 19
49 9 31 5 57 15
59 47 40 55 67 17
44 20 32 49 52 15
23 1 30 40 14 19
67 30 15 12 51 23
17 7 66 15 65 24
16 30 67 37 18 13
49 58 25 8 52 25
29 19 24 62 16 2
6 23 63 54 24 2
39 20 15 44 5 14
42 55 48 68 8 4
4 11 68 64 5 21
43 29 34 35 48 1
16 20 52 43 49 20
36 28 29 15 68 2
46 10 60 55 33 16
35 59 18 23 45 11
64 47 26 23 21 15
2 60 50 67 7 18
6 32 5 66 49 13
53 38 69 14 30 9
11 46 54 66 29 15
50 43 60 64 66 12
55 19 33 18 52 26
26 48 19 34 32 4
69 16 51 21 48 5
3 62 23 69 21 24
25 40 50 46 6 21
41 14 30 27 34 12
18 53 37 56 16 19
15 40 52 26 68 19
42 54 1 61 69 3
41 30 18 8 21 23
10 1 23 51 27 9
11 19 22 59 14 26
25 51 13 60 39 17
16 48 63 65 19 6
22 21 24 17 26 8
5 48 63 7 41 4
56 15 33 23 18 16
27 1 41 60 55 19
62 11 28 13 41 18
13 68 2 29 55 16
40 49 17 7 27 25
30 41 54 7 21 5
59 49 19 8 69 23
45 23 6 8 30 5
69 32 30 67 39 2
58 65 68 38 26 8
53 38 29 13 5 12
30 40 15 27 45 25
39 14 28 21 1 15
20 63 38 1 55 1
55 64 17 20 61 2
6 38 44 43 45 15
55 29 24 31 35 9
28 4 63 65 69 9
49 17 50 48 14 4
15 49 7 61 42 10
55 2 25 12 69 8
49 19 65 37 60 12
12 20 50 6 46 17
17 60 33 36 29 18
24 14 38 52 46 19
2 11 27 41 40 25
68 19 61 37 60 25
65 60 28 35 22 10
64 65 34 43 6 21
42 67 22 62 2 12
52 66 49 18 22 12
64 69 28 62 63 4
28 42 5 31 69 4
47 22 39 44 58 24
11 6 59 34 50 4
25 18 31 51 27 3
33 34 35 55 23 14
2 6 32 61 11 23
27 58 17 62 8 9
2 3 25 57 12 19
29 40 51 56 9 23
56 3 28 14 45 1
49 42 13 22 5 13
10 32 35 59 56 4
19 56 30 53 64 11
59 7 65 25 16 7
4 50 23 5 67 14
5 57 15 52 41 19
38 60 55 37 59 15
7 39 52 41 1 22
11 58 1 27 21 24
58 23 46 60 14 1
22 51 36 68 41 13
45 62 10 66 15 4
56 6 30 35 66 14
44 21 2 22 48 3
3 6 44 24 32 25
59 32 9 6 41 7
47 69 48 55 18 9
1 53 11 66 14 10
41 57 67 15 12 21
25 11 10 13 20 12
64 69 4 40 23 26
59 30 7 40 21 15
15 17 38 66 41 3
21 36 40 49 7 5
1 31 42 52 50 3
62 58 55 59 67 24
9 33 44 40 15 15
10 20 69 65 9 26
33 32 21 36 16 16
3 21 16 19 65 24
12 8 49 5 59 8
38 53 67 33 52 19
65 59 6 52 38 25
27 38 63 8 42 22
53 32 35 49 62 25
22 3 16 24 17 3
11 53 55 17 57 18
49 58 63 7 66 7
66 39 16 40 33 25
40 20 68 32 69 13
